time (s)	theta (A)	maj axis/z0	min axis/z0	crossing#mod 255
6839.391511	171.232895	2.055523	-0.211101	233
6841.512186	173.946960	2.044384	-0.211921	235
6843.627162	172.145172	2.075015	-0.218177	237
6845.742073	169.652710	2.037025	-0.209686	239
6847.864617	172.093140	2.027309	-0.202606	241
6849.984497	173.152435	2.043433	-0.209348	243
6852.097524	170.548187	2.039012	-0.209758	245
6854.213346	169.220398	2.032768	-0.201630	247
6856.334634	170.635284	2.016107	-0.197729	249
6858.455321	172.368515	2.023883	-0.197681	251
6860.572877	172.179657	2.025479	-0.199559	253
6862.689764	171.683487	2.022648	-0.199006	255
6864.805037	170.581207	2.013043	-0.196618	1
6866.923304	170.149673	2.025036	-0.194016	3
6869.040940	170.566971	2.008147	-0.192676	5
6871.159396	170.577744	1.998320	-0.190107	7
6873.278787	170.528687	2.007280	-0.186970	9
6875.395442	170.295242	2.008202	-0.182581	11
6877.509025	169.567520	2.017424	-0.178272	13
6879.623723	169.134216	2.003103	-0.179201	15
6881.742762	169.384033	1.992941	-0.181795	17
6883.864269	169.258865	1.983725	-0.180276	19
6885.982532	169.524521	1.997236	-0.172011	21
6888.096023	169.166092	2.004565	-0.168141	23
6890.210449	168.737122	1.986627	-0.171383	25
6892.330060	168.886780	1.981857	-0.172067	27
6894.451359	168.940140	1.976456	-0.168616	29
6896.569788	169.241226	1.977078	-0.163316	31
6898.684861	168.972595	1.988260	-0.159514	33
6900.799160	168.437714	1.975158	-0.158282	35
6902.915398	167.785233	1.984751	-0.157627	37
6905.031705	167.494095	1.966639	-0.156041	39
6907.148728	167.245773	1.971927	-0.154341	41
6909.266257	166.971542	1.959445	-0.151158	43
6911.384381	167.383072	1.959915	-0.147720	45
6913.503384	167.878250	1.957467	-0.144940	47
6915.622892	168.880203	1.948048	-0.143423	49
6917.741292	169.325684	1.959179	-0.143995	51
6919.856944	168.549103	1.950931	-0.145430	53
6921.970165	166.815002	1.953569	-0.144079	55
6924.085153	165.617905	1.946548	-0.138940	57
6926.203444	166.585556	1.930982	-0.133003	59
6928.324396	168.025299	1.933855	-0.131545	61
6930.443628	168.840576	1.925569	-0.133641	63
6932.558397	167.887100	1.940213	-0.134104	65
6934.672692	166.482590	1.932409	-0.132349	67
6936.786941	165.638901	1.930170	-0.128759	69
6938.903503	165.248489	1.919753	-0.126269	71
6941.020814	165.663345	1.920617	-0.123571	73
6943.138554	165.844696	1.920328	-0.121569	75
6945.255725	166.096130	1.912569	-0.120159	77
6947.372522	165.932816	1.918101	-0.118417	79
6949.488687	165.913773	1.905414	-0.117026	81
6951.605047	165.801422	1.909483	-0.115765	83
6953.721758	165.568588	1.903469	-0.114975	85
6955.838691	165.693268	1.890047	-0.114515	87
6957.957469	165.753281	1.890051	-0.113692	89
6960.076920	165.902954	1.886941	-0.111864	91
6962.195858	166.127426	1.878175	-0.109909	93
6964.312313	166.107544	1.894578	-0.105703	95
6966.426254	165.942612	1.900176	-0.103070	97
6968.539917	165.674881	1.893364	-0.102619	99
6970.655251	165.484116	1.889142	-0.103676	101
6972.773223	165.266144	1.876945	-0.102751	103
6974.892213	165.418945	1.870022	-0.101434	105
6977.011407	165.466995	1.867576	-0.099694	107
6979.129587	165.713837	1.864624	-0.097524	109
6981.246452	165.781052	1.866742	-0.095854	111
6983.362553	165.916183	1.861326	-0.094230	113
6985.479314	165.824142	1.865002	-0.092537	115
6987.595914	165.998428	1.856168	-0.091390	117
6989.712831	165.832306	1.854001	-0.090312	119
6991.829301	165.916580	1.859579	-0.089439	121
6993.945469	165.983337	1.853705	-0.089354	123
6996.061180	165.596573	1.847398	-0.088717	125
6998.176097	164.916183	1.859604	-0.087640	127
7000.289931	164.223404	1.846111	-0.086270	129
7002.404564	163.441681	1.842927	-0.083421	131
7004.521028	163.509171	1.845233	-0.079952	133
7006.639219	164.178680	1.835344	-0.077145	135
7008.758665	164.826126	1.829468	-0.075775	137
7010.877702	165.530746	1.826989	-0.075417	139
7012.994735	165.459641	1.817788	-0.075645	141
7015.110292	165.121338	1.826112	-0.075119	143
7017.224912	164.471008	1.815468	-0.074121	145
7019.340111	164.036896	1.828243	-0.072237	147
7021.455222	163.746689	1.811436	-0.070800	149
7023.571373	163.581253	1.819539	-0.069297	151
7025.687624	163.626923	1.806372	-0.068405	153
7027.804505	163.755875	1.808946	-0.066617	155
7029.921758	163.766922	1.806894	-0.065286	157
7032.039403	163.910156	1.798655	-0.064550	159
7034.157306	163.823532	1.801662	-0.063278	161
7036.275120	163.935455	1.797787	-0.061715	163
7038.391858	163.824020	1.795223	-0.060304	165
7040.507358	163.912338	1.805451	-0.058083	167
7042.621146	163.861206	1.804228	-0.056626	169
7044.735096	163.995895	1.806073	-0.055328	171
7046.849584	163.762070	1.789554	-0.055309	173
7048.965472	163.621613	1.790823	-0.054645	175
7051.082571	163.357391	1.776573	-0.053945	177
7053.200871	163.441254	1.781464	-0.052623	179
7055.318778	163.403259	1.774724	-0.051498	181
7057.436522	163.407944	1.772158	-0.050124	183
7059.553737	163.467682	1.771318	-0.049011	185
7061.670350	163.483109	1.767221	-0.047873	187
7063.787086	163.532578	1.772740	-0.047060	189
7065.903240	163.558716	1.757697	-0.046644	191
7068.018846	163.450806	1.765128	-0.045461	193
7070.134415	163.360352	1.753002	-0.044857	195
7072.249880	163.191696	1.761419	-0.042324	197
7074.364568	162.805084	1.756450	-0.042846	199
7076.479767	162.498444	1.761867	-0.041465	201
7078.594613	162.399307	1.750755	-0.040045	203
7080.710958	162.448685	1.751052	-0.037891	205
7082.828004	162.529144	1.742893	-0.036306	207
7084.946110	162.935822	1.750531	-0.035699	209
7087.064604	163.331909	1.733786	-0.034262	211
7089.182863	163.554794	1.737028	-0.034165	213
7091.300288	163.548508	1.726439	-0.033903	215
7093.416517	163.454803	1.725536	-0.033042	217
7095.532091	163.212906	1.724053	-0.032513	219
7097.647454	163.048004	1.715316	-0.031396	221
7099.763078	162.879364	1.721961	-0.029934	223
7101.878888	162.812698	1.708674	-0.029164	225
7103.995153	162.719223	1.710453	-0.027897	227
7106.111614	162.657150	1.699645	-0.027249	229
7108.228817	162.571289	1.704844	-0.026082	231
7110.345478	162.492050	1.697683	-0.025210	233
7112.462022	162.454803	1.701971	-0.023986	235
7114.577498	162.468109	1.703725	-0.022411	237
7116.692168	162.581131	1.700226	-0.021137	239
7118.806257	162.734344	1.705114	-0.020005	241
7120.920136	162.778671	1.698131	-0.019443	243
7123.034704	162.860535	1.700836	-0.019320	245
7125.150138	162.596848	1.693677	-0.019129	247
7127.266632	162.635681	1.685090	-0.018517	249
7129.383508	162.395340	1.685033	-0.017629	251
7131.500027	162.314362	1.677455	-0.016925	253
7133.616800	162.257568	1.677050	-0.015823	255
7135.733573	162.212387	1.676350	-0.015358	1
7137.850075	162.186630	1.667849	-0.014478	3
7139.965969	162.164520	1.671559	-0.013747	5
7142.082184	162.039047	1.663564	-0.013314	7
7144.197747	161.972610	1.671214	-0.013109	9
7146.313293	162.028397	1.659572	-0.011478	11
7148.428436	161.720825	1.666372	-0.011239	13
7150.543852	161.810013	1.655165	-0.010805	15
7152.659733	161.774796	1.663050	-0.010427	17
7154.775957	161.862106	1.652124	-0.009427	19
7156.893115	162.010361	1.656380	-0.009057	21
7159.010448	162.164398	1.657378	-0.008213	23
7161.128647	162.294937	1.651173	-0.007779	25
7163.246763	162.440063	1.641295	-0.007791	27
7165.364279	162.458542	1.640733	-0.007666	29
7167.480481	162.289764	1.637274	-0.007801	31
7169.596002	162.314133	1.637520	-0.006188	33
7171.711709	162.148804	1.633916	-0.005856	35
7173.827103	161.993881	1.632525	-0.005353	37
7175.942838	161.906708	1.629122	-0.005076	39
7178.059128	161.821350	1.627359	-0.005064	41
7180.175387	161.742249	1.633936	-0.004312	43
7182.291293	161.738785	1.625122	-0.003946	45
7184.407744	161.717300	1.629601	-0.003377	47
7186.523472	161.647293	1.618862	-0.001815	49
7188.638721	161.782928	1.629221	-0.001911	51
7190.752948	162.015671	1.620769	-0.001728	53
7192.866876	162.066086	1.620492	-0.000753	55
7194.981467	162.322815	1.622078	-0.001040	57
7197.095945	162.222473	1.613318	-0.000780	59
7199.211593	162.247253	1.605191	-0.000271	61
7201.327086	162.070007	1.610104	0.000374	63
7203.442822	162.009857	1.599934	0.001137	65
7205.559238	161.933868	1.598134	0.001661	67
7207.675915	161.766556	1.603536	0.001512	69
7209.791831	161.797791	1.597075	0.002456	71
7211.907726	161.723175	1.589837	0.002719	73
7214.023994	161.575256	1.596285	0.003168	75
7216.139489	161.620499	1.588782	0.003910	77
7218.254973	161.644821	1.588367	0.004617	79
7220.370579	161.620758	1.584305	0.005981	81
7222.486632	161.662064	1.582058	0.005881	83
7224.603056	161.607101	1.580461	0.005998	85
7226.719675	161.734772	1.573258	0.005779	87
7228.836976	161.823181	1.580646	0.007389	89
7230.954800	161.772217	1.577017	0.008473	91
7233.072311	161.912994	1.572456	0.008879	93
7235.189797	161.949219	1.575372	0.009477	95
7237.306888	161.915405	1.565428	0.009696	97
7239.423102	161.795059	1.566450	0.010223	99
7241.538936	161.811050	1.562444	0.010486	101
7243.655069	161.675079	1.562786	0.011659	103
7245.770875	161.607086	1.555188	0.011277	105
7247.886532	161.546906	1.555895	0.011893	107
7250.002519	161.437485	1.554545	0.012404	109
7252.118226	161.386551	1.548625	0.012459	111
7254.234315	161.396927	1.549235	0.012912	113
7256.349928	161.298615	1.541682	0.013335	115
7258.465285	161.365128	1.550207	0.013556	117
7260.579768	161.476273	1.542421	0.013705	119
7262.694305	161.756149	1.552028	0.013940	121
7264.808368	161.890564	1.542171	0.014208	123
7266.922414	162.062531	1.543761	0.013973	125
7269.036866	162.062515	1.537428	0.014910	127
7271.151930	162.043594	1.533316	0.015467	129
7273.267756	162.025513	1.533579	0.015267	131
7275.383428	161.929337	1.527546	0.015731	133
7277.499364	161.897858	1.525240	0.016498	135
7279.615031	161.831268	1.527440	0.017836	137
7281.730799	161.801987	1.517583	0.018628	139
7283.847003	161.725204	1.520030	0.018930	141
7285.962662	161.749420	1.513584	0.019149	143
7288.078279	161.716629	1.514881	0.019576	145
7290.194286	161.718155	1.511069	0.019681	147
7292.310190	161.764221	1.511146	0.019943	149
7294.425945	161.731552	1.510193	0.021342	151
7296.542827	161.790878	1.505624	0.021655	153
7298.659798	161.812881	1.510195	0.021655	155
7300.777322	161.832199	1.499850	0.021448	157
7302.894999	161.866882	1.507027	0.022584	159
7305.012043	161.795227	1.495052	0.022701	161
7307.129066	161.780792	1.491568	0.022495	163
7309.245566	161.644043	1.493493	0.023100	165
7311.361736	161.606018	1.483989	0.023497	167
7313.477677	161.605118	1.487356	0.023203	169
7315.592776	161.371597	1.478087	0.024040	171
7317.709005	161.426102	1.476466	0.023363	173
7319.824714	161.392670	1.480582	0.024172	175
7321.939951	161.294174	1.473824	0.025225	177
7324.055438	161.375397	1.477936	0.024932	179
7326.170987	161.344147	1.472755	0.025622	181
7328.285377	161.573318	1.476132	0.026212	183
7330.399840	161.589783	1.475899	0.026142	185
7332.514092	161.833740	1.470744	0.026336	187
7334.628701	161.979019	1.472512	0.026640	189
7336.743022	162.109634	1.475278	0.026872	191
7338.857414	162.208725	1.466616	0.027122	193
7340.972744	162.255539	1.460893	0.027425	195
7343.087918	162.129028	1.465324	0.027336	197
7345.203314	162.145432	1.456041	0.027708	199
7347.319015	162.134659	1.458958	0.028108	201
7349.434630	162.010712	1.450247	0.027744	203
7351.550889	162.050735	1.455867	0.028459	205
7353.666376	161.994415	1.446897	0.029003	207
7355.782287	161.833939	1.446631	0.028812	209
7357.897987	161.901993	1.450122	0.029128	211
7360.014228	161.985001	1.443057	0.029442	213
7362.130849	161.987518	1.448692	0.029282	215
7364.247084	161.961639	1.438444	0.029826	217
7366.364135	162.045456	1.443451	0.029719	219
7368.481038	161.931335	1.435394	0.030432	221
7370.598657	161.974457	1.435046	0.030354	223
7372.715918	161.778198	1.431362	0.030488	225
7374.832037	161.861404	1.426543	0.031112	227
7376.948582	161.643967	1.424633	0.031638	229
7379.064399	161.715759	1.422220	0.031625	231
7381.180262	161.605164	1.424894	0.032174	233
7383.295712	161.562805	1.414826	0.031956	235
7385.412039	161.575516	1.417368	0.032272	237
7387.527579	161.427399	1.410395	0.032599	239
7389.642642	161.468979	1.411273	0.032496	241
7391.758193	161.500687	1.416001	0.032849	243
7393.872869	161.567764	1.410153	0.033138	245
7395.987767	161.747498	1.416933	0.033237	247
7398.101965	161.884369	1.410019	0.033540	249
7400.216561	162.071991	1.412706	0.033779	251
7402.330493	162.180634	1.408617	0.033866	253
7404.444648	162.362961	1.404851	0.034046	255
7406.559546	162.435623	1.407684	0.034634	1
7408.674268	162.462845	1.400034	0.034689	3
7410.789913	162.365097	1.392026	0.034202	5
7412.904911	162.380753	1.397971	0.036041	7
7415.020451	162.393402	1.395630	0.035251	9
7417.135799	162.354675	1.388869	0.035554	11
7419.251625	162.386703	1.388792	0.035743	13
7421.367214	162.292633	1.391084	0.035831	15
7423.483111	162.371902	1.384116	0.035356	17
7425.599258	162.326828	1.387888	0.035915	19
7427.715663	162.302673	1.380257	0.035571	21
7429.832423	162.249710	1.382342	0.035642	23
7431.949037	162.279953	1.377589	0.035643	25
7434.066411	162.215485	1.379895	0.035423	27
7436.183166	162.139862	1.371139	0.035474	29
7438.300048	162.106796	1.373670	0.035249	31
7440.416514	162.019714	1.368056	0.035623	33
7442.532555	161.975449	1.366808	0.035509	35
7444.648810	161.933914	1.366383	0.035570	37
7446.764431	161.759338	1.365922	0.036449	39
7448.880213	161.856552	1.358594	0.036362	41
7450.995729	161.807617	1.360300	0.035864	43
7453.111075	161.733612	1.363301	0.036168	45
