time (s)	theta (A)	maj axis/z0	min axis/z0	crossing#mod 255
4351.900095	272.510956	1.923880	0.245782	215
4354.016535	272.313171	1.907011	0.246092	217
4356.132730	272.433044	1.908578	0.244898	219
4358.252427	271.067383	1.912213	0.245132	221
4360.370971	269.697357	1.901216	0.246578	223
4362.485088	270.599854	1.919342	0.250073	225
4364.597486	273.018066	1.903874	0.251294	227
4366.712178	274.039734	1.900012	0.247550	229
4368.831426	271.916931	1.880017	0.244554	231
4370.950305	270.238892	1.898579	0.248506	233
4373.064036	272.326141	1.893538	0.252204	235
4375.175704	274.601837	1.896729	0.249684	237
4377.292263	273.754211	1.876201	0.245878	239
4379.412955	272.308411	1.876175	0.247600	241
4381.530809	271.168060	1.879527	0.250793	243
4383.645299	271.958618	1.876290	0.251896	245
4385.760372	272.783020	1.890646	0.252067	247
4387.874687	273.375732	1.873825	0.252511	249
4389.990398	273.947510	1.871320	0.252289	251
4392.106519	274.124390	1.867319	0.252773	253
4394.223084	273.686768	1.864801	0.253066	255
4396.341205	273.484375	1.855259	0.253828	1
4398.458174	273.023132	1.858432	0.254288	3
4400.573576	273.527100	1.855254	0.252864	5
4402.686532	274.584961	1.864972	0.252737	7
4404.798951	275.366333	1.854810	0.255672	9
4406.915738	275.526550	1.843717	0.258852	11
4409.035700	274.820892	1.842028	0.257868	13
4411.154467	274.205597	1.845442	0.256369	15
4413.268280	274.620850	1.842256	0.255001	17
4415.379795	275.690491	1.834504	0.256557	19
4417.494378	276.466522	1.827944	0.260705	21
4419.611132	276.088837	1.828986	0.262276	23
4421.729570	275.439697	1.818924	0.261955	25
4423.847523	274.986572	1.813706	0.261546	27
4425.964335	274.997711	1.810328	0.261301	29
4428.080722	274.648010	1.819094	0.261930	31
4430.196431	274.627350	1.803356	0.262636	33
4432.312095	275.001465	1.804255	0.263319	35
4434.427935	275.261078	1.811504	0.263645	37
4436.542497	275.638580	1.807084	0.264612	39
4438.656729	276.841766	1.802983	0.265952	41
4440.770076	277.998840	1.811320	0.266478	43
4442.884091	278.585907	1.798951	0.265118	45
4445.001193	278.513489	1.785160	0.263459	47
4447.120070	277.258911	1.791056	0.262193	49
4449.239072	275.797607	1.777507	0.263275	51
4451.355016	275.965515	1.790431	0.265678	53
4453.468319	277.302490	1.784513	0.267523	55
4455.581038	279.108063	1.789552	0.267741	57
4457.694892	279.681366	1.776747	0.266190	59
4459.811610	279.499329	1.764486	0.264974	61
4461.929624	278.990295	1.766857	0.264426	63
4464.047489	277.963440	1.767578	0.264901	65
4466.164566	277.824799	1.765294	0.266433	67
4468.280971	277.576996	1.765956	0.267341	69
4470.397354	277.913544	1.768662	0.267610	71
4472.512883	277.928314	1.769058	0.267785	73
4474.627596	278.525085	1.760769	0.267678	75
4476.741889	279.245483	1.771884	0.267833	77
4478.855389	279.816650	1.762755	0.267993	79
4480.969348	280.650421	1.755225	0.269773	81
4483.085136	280.625885	1.757596	0.271423	83
4485.202786	280.252075	1.742607	0.271884	85
4487.322234	279.698334	1.751197	0.271725	87
4489.440003	279.271637	1.742816	0.271556	89
4491.555778	279.376282	1.745240	0.270728	91
4493.669529	279.890167	1.747152	0.270227	93
4495.782511	280.655945	1.748789	0.270193	95
4497.896235	281.383362	1.740599	0.271804	97
4500.011490	281.649597	1.733405	0.273032	99
4502.127523	281.918365	1.727427	0.272985	101
4504.243853	282.075714	1.731462	0.273269	103
4506.360142	282.032410	1.727968	0.273419	105
4508.475988	282.161224	1.720103	0.274165	107
4510.591269	282.428009	1.722235	0.273992	109
4512.706492	282.935089	1.721830	0.273677	111
4514.821931	283.089386	1.716784	0.273729	113
4516.938205	283.182556	1.720396	0.273505	115
4519.055624	282.537231	1.706276	0.272368	117
4521.174538	281.506439	1.713023	0.271844	119
4523.292155	280.667969	1.700900	0.272929	121
4525.408642	280.293732	1.709639	0.274009	123
4527.523445	281.193207	1.704791	0.275260	125
4529.636758	282.200256	1.708331	0.276238	127
4531.750286	283.496765	1.705823	0.276732	129
4533.864223	284.254730	1.699721	0.275835	131
4535.979296	284.850769	1.692836	0.275495	133
4538.094992	284.547394	1.698635	0.274733	135
4540.211707	284.599274	1.688287	0.274701	137
4542.328256	284.191376	1.691135	0.274123	139
4544.444344	284.179016	1.682202	0.274005	141
4546.560112	284.475098	1.683712	0.274521	143
4548.675789	284.513855	1.688266	0.274531	145
4550.791071	284.683472	1.677554	0.275291	147
4552.905797	285.268585	1.677208	0.275795	149
4555.021179	285.366455	1.680954	0.276171	151
4557.136948	285.331085	1.668907	0.276751	153
4559.253427	285.515167	1.663354	0.277623	155
4561.370731	285.108337	1.667199	0.277547	157
4563.489004	284.292938	1.659696	0.277057	159
4565.606766	284.043610	1.654139	0.276697	161
4567.723573	283.645538	1.657959	0.276030	163
4569.839037	284.026489	1.650416	0.275744	165
4571.953375	284.721069	1.659108	0.275259	167
4574.066464	285.229156	1.651458	0.275088	169
4576.180024	286.149628	1.654798	0.275645	171
4578.294454	286.445770	1.649591	0.276453	173
4580.409571	287.129456	1.644163	0.277478	175
4582.524724	287.088959	1.648037	0.277582	177
4584.640593	287.471924	1.638854	0.277867	179
4586.756890	287.569397	1.644744	0.277655	181
4588.872383	287.486267	1.635772	0.277588	183
4590.988236	287.780304	1.635268	0.276963	185
4593.104924	287.420624	1.630350	0.276013	187
4595.222296	287.103790	1.625156	0.275739	189
4597.340138	286.331787	1.630725	0.275882	191
4599.457743	285.563965	1.618371	0.276238	193
4601.574249	285.367767	1.625306	0.277210	195
4603.690151	285.354919	1.623739	0.278098	197
4605.804602	286.065704	1.621472	0.278854	199
4607.919079	286.790588	1.627675	0.278846	201
4610.032917	287.435303	1.621690	0.279771	203
4612.147344	288.390991	1.617343	0.280067	205
4614.261566	288.897980	1.623339	0.280738	207
4616.376384	289.017365	1.613210	0.280410	209
4618.491684	289.534210	1.604873	0.279999	211
4620.607189	289.836365	1.606665	0.279734	213
4622.722693	289.636261	1.609939	0.279226	215
4624.838154	289.545105	1.601317	0.278766	217
4626.954294	289.671906	1.596767	0.278448	219
4629.069960	290.001495	1.591190	0.279031	221
4631.185523	290.200836	1.591606	0.279208	223
4633.301696	290.264038	1.590215	0.279344	225
4635.418045	289.874817	1.595236	0.279660	227
4637.534876	289.576294	1.586399	0.279558	229
4639.651478	289.533295	1.582193	0.279396	231
4641.768775	289.251495	1.582110	0.278170	233
4643.886133	288.640594	1.576223	0.277943	235
4646.002996	288.599518	1.571363	0.277946	237
4648.119467	288.597839	1.579289	0.277973	239
4650.234643	288.611725	1.574515	0.277842	241
4652.349134	289.328888	1.573493	0.277500	243
4654.463115	289.800903	1.582671	0.277539	245
4656.576848	290.085419	1.574090	0.277454	247
4658.691011	290.792908	1.568686	0.278611	249
4660.805832	291.455902	1.570546	0.278668	251
4662.920674	291.667908	1.562358	0.278551	253
4665.035652	291.978210	1.556061	0.278193	255
4667.151741	292.029266	1.560598	0.277659	1
4669.267439	292.053314	1.550322	0.277105	3
4671.383600	292.040863	1.555309	0.276574	5
4673.500399	291.618103	1.549036	0.275963	7
4675.617532	291.440369	1.540914	0.275465	9
4677.735556	291.053528	1.545040	0.275277	11
4679.852923	290.245789	1.541892	0.275833	13
4681.969142	290.198059	1.539760	0.277066	15
4684.085302	290.083435	1.544407	0.277045	17
4686.200371	290.235657	1.542573	0.277345	19
4688.314773	290.825043	1.534204	0.277815	21
4690.429333	291.494568	1.541673	0.277841	23
4692.543399	292.043030	1.530642	0.277853	25
4694.658223	292.806580	1.529768	0.277590	27
4696.772999	293.157440	1.530051	0.277318	29
4698.888202	293.237396	1.526796	0.277184	31
4701.002984	293.528381	1.519423	0.277479	33
4703.118450	293.807312	1.521794	0.277894	35
4705.233958	293.858398	1.521583	0.277867	37
4707.349953	293.726349	1.515319	0.277529	39
4709.465671	294.033630	1.511980	0.277873	41
4711.581711	293.783600	1.518179	0.277681	43
4713.698123	293.511749	1.511263	0.277879	45
4715.815192	293.529694	1.510577	0.277784	47
4717.931576	293.348969	1.515070	0.278091	49
4720.048336	293.098236	1.506370	0.277938	51
4722.165174	292.998230	1.512639	0.278384	53
4724.281554	292.684662	1.505791	0.278310	55
4726.396921	293.105042	1.508207	0.278948	57
4728.512016	293.246307	1.510014	0.278286	59
4730.626417	293.819763	1.504556	0.277739	61
4732.740337	294.313080	1.509537	0.277244	63
4734.854480	294.609558	1.500386	0.277058	65
4736.968760	295.440338	1.501388	0.276914	67
4739.083114	295.651428	1.503536	0.277008	69
4741.197902	295.806824	1.494164	0.277014	71
4743.313329	296.226410	1.488916	0.277002	73
4745.428764	296.451294	1.486636	0.276768	75
4747.545001	296.398315	1.489724	0.276475	77
4749.660693	296.298889	1.481179	0.275893	79
4751.777215	296.324371	1.480199	0.275628	81
4753.894279	295.670959	1.479742	0.275190	83
4756.011465	295.398590	1.470778	0.275349	85
4758.128958	295.199493	1.470702	0.274845	87
4760.245987	294.685394	1.470526	0.275332	89
4762.361295	294.526672	1.464797	0.276118	91
4764.477338	294.639160	1.471345	0.276380	93
4766.592429	294.702881	1.468220	0.276382	95
4768.707267	295.295288	1.463151	0.276535	97
4770.822002	295.872284	1.466220	0.276898	99
4772.936595	295.969727	1.467953	0.276676	101
4775.051716	296.269684	1.459904	0.276678	103
4777.166527	296.770935	1.458874	0.276724	105
4779.282269	297.119537	1.461657	0.277028	107
4781.397481	297.029968	1.459684	0.276949	109
4783.513140	297.166656	1.452678	0.277150	111
4785.628167	297.448425	1.451038	0.277086	113
4787.744481	297.397369	1.452485	0.276008	115
4789.860581	297.051910	1.448331	0.275983	117
4791.977119	296.962006	1.443200	0.276515	119
4794.093076	296.866272	1.441690	0.276889	121
4796.209520	296.930634	1.439669	0.277192	123
4798.325499	297.063721	1.439410	0.277214	125
4800.440992	297.185486	1.438166	0.276842	127
4802.556739	297.342682	1.436868	0.276154	129
4804.671981	297.629517	1.437290	0.275864	131
4806.786184	297.760681	1.438488	0.275381	133
4808.899851	298.122253	1.433519	0.275016	135
4811.014328	298.581940	1.428876	0.274903	137
4813.128785	299.038940	1.425949	0.274620	139
4815.243120	299.475708	1.425155	0.274938	141
4817.358618	299.766205	1.422964	0.275076	143
4819.473644	300.099365	1.420830	0.274554	145
4821.589452	300.359619	1.420754	0.273950	147
4823.704896	300.127838	1.422516	0.273585	149
4825.821380	300.003265	1.417149	0.273685	151
4827.937805	299.916504	1.413089	0.273278	153
4830.054479	299.736206	1.411761	0.273250	155
4832.171282	299.377106	1.416148	0.273052	157
4834.288389	298.919525	1.407295	0.272686	159
4836.405052	298.839569	1.404057	0.272518	161
4838.521193	298.733490	1.407586	0.272893	163
4840.636752	298.610260	1.403077	0.273039	165
4842.752634	298.838562	1.403871	0.272597	167
4844.867236	298.991730	1.400541	0.272642	169
4846.982646	299.460052	1.398833	0.272475	171
4849.097742	299.665649	1.402888	0.272576	173
4851.212628	299.729584	1.395740	0.272543	175
4853.327951	300.118866	1.393685	0.272472	177
4855.443713	300.254181	1.395681	0.271939	179
4857.558963	300.137909	1.392550	0.271832	181
4859.674736	300.214233	1.386689	0.271655	183
4861.790568	300.468658	1.381600	0.271412	185
4863.906705	300.548584	1.384439	0.271365	187
4866.022697	300.393036	1.379108	0.271616	189
4868.138009	300.520233	1.376242	0.271696	191
4870.253691	300.660706	1.373158	0.271205	193
4872.369568	300.970947	1.371934	0.270172	195
4874.484471	301.101074	1.375940	0.270280	197
4876.599150	301.259918	1.372092	0.270012	199
4878.713040	301.856750	1.369835	0.269692	201
4880.827490	302.258331	1.375203	0.269667	203
4882.942011	302.493896	1.373117	0.269462	205
4885.055953	302.790253	1.366557	0.268918	207
4887.170860	303.418030	1.363715	0.269182	209
4889.285516	303.549347	1.367485	0.269467	211
4891.400573	303.642181	1.361801	0.269720	213
4893.516138	303.877380	1.364378	0.269339	215
4895.631535	303.763702	1.362354	0.269318	217
4897.747798	303.787994	1.355183	0.268929	219
4899.864507	303.753967	1.356214	0.268385	221
4901.980631	303.442139	1.352101	0.268292	223
4904.097242	303.338867	1.348638	0.268365	225
4906.214265	303.175659	1.349622	0.267959	227
4908.330523	302.972961	1.350146	0.268006	229
4910.446844	302.716919	1.350032	0.268357	231
4912.562691	302.451904	1.346101	0.268396	233
4914.678044	302.627319	1.340003	0.268581	235
4916.793978	302.946136	1.340114	0.268566	237
4918.908737	303.153900	1.338560	0.268574	239
4921.024221	303.251434	1.336326	0.268586	241
4923.139308	303.545258	1.336189	0.268622	243
4925.254913	303.673859	1.339137	0.268554	245
4927.369848	303.635101	1.335078	0.268623	247
4929.485778	303.741974	1.327439	0.268401	249
4931.601559	304.014252	1.329693	0.268253	251
4933.717061	304.053314	1.331513	0.268142	253
4935.832507	304.012848	1.327953	0.268017	255
4937.948179	304.021942	1.324525	0.267584	1
4940.064117	304.143005	1.320017	0.267600	3
4942.179204	304.442993	1.317311	0.267087	5
4944.294184	304.839417	1.319279	0.267018	7
4946.408901	305.022247	1.317101	0.266340	9
4948.523736	305.442413	1.315909	0.265945	11
4950.637841	305.729187	1.318941	0.265809	13
4952.752134	305.957428	1.318148	0.265431	15
4954.866423	306.384918	1.311996	0.265459	17
4956.980340	306.856079	1.311531	0.264987	19
4959.095448	307.052551	1.313620	0.265310	21
4961.210917	307.089020	1.304971	0.264740	23
