crossing time (s)	slope (V/s)	crossing number
2294.750309	-13.466047	2237
2295.803113	-13.366281	2238
2296.865222	-13.876418	2239
2297.919908	-13.199789	2240
2298.977829	-13.576264	2241
2300.040168	-13.109798	2242
2301.091001	-13.451826	2243
2302.156818	-13.261430	2244
2303.201629	-13.405716	2245
2304.272768	-13.349231	2246
2305.320374	-13.380476	2247
2306.386987	-13.258373	2248
2307.439630	-13.091458	2249
2308.501454	-13.083662	2250
2309.557778	-13.046770	2251
2310.613045	-13.050049	2252
2311.673804	-13.102859	2253
2312.725732	-13.192303	2254
2313.790351	-13.232198	2255
2314.841131	-13.090863	2256
2315.905282	-13.227996	2257
2316.953520	-12.879186	2258
2318.022275	-13.014219	2259
2319.072576	-12.872715	2260
2320.138776	-12.748029	2261
2321.189931	-13.149551	2262
2322.249847	-13.009169	2263
2323.305669	-12.951621	2264
2324.365592	-13.097929	2265
2325.421431	-12.845083	2266
2326.481060	-12.819393	2267
2327.541024	-12.836588	2268
2328.589785	-12.769164	2269
2329.658362	-12.737159	2270
2330.703910	-12.661533	2271
2331.774000	-12.538739	2272
2332.821949	-13.022123	2273
2333.890119	-12.557716	2274
2334.939996	-13.097298	2275
2336.004499	-12.725073	2276
2337.054589	-12.670449	2277
2338.118746	-12.658240	2278
2339.172909	-12.549689	2279
2340.229880	-12.335793	2280
2341.290834	-12.634791	2281
2342.339316	-12.251494	2282
2343.406792	-12.692224	2283
2344.456940	-12.518673	2284
2345.523365	-12.513688	2285
2346.572281	-12.649239	2286
2347.638427	-12.690126	2287
2348.686608	-12.383222	2288
2349.754737	-12.627644	2289
2350.803348	-12.118353	2290
2351.870585	-12.396149	2291
2352.919508	-12.343053	2292
2353.983811	-12.162477	2293
2355.035429	-12.473777	2294
2356.103344	-12.355683	2295
2357.151642	-12.593186	2296
2358.217526	-12.482908	2297
2359.267100	-12.155933	2298
2360.331619	-12.480763	2299
2361.380415	-12.051821	2300
2362.448592	-12.286465	2301
2363.496170	-12.105212	2302
2364.565479	-12.098700	2303
2365.609835	-12.077443	2304
2366.678842	-12.093772	2305
2367.726352	-12.110800	2306
2368.795940	-12.217873	2307
2369.843691	-12.069145	2308
2370.909167	-12.232065	2309
2371.960025	-12.161828	2310
2373.022063	-12.144428	2311
2374.079178	-11.964738	2312
2375.135041	-12.069996	2313
2376.196015	-11.624514	2314
2377.250141	-12.165343	2315
2378.314676	-11.801088	2316
2379.362323	-12.211646	2317
2380.430078	-11.956115	2318
2381.476478	-12.090907	2319
2382.546162	-11.993158	2320
2383.593244	-11.978765	2321
2384.660476	-11.936387	2322
2385.709252	-11.709549	2323
2386.774647	-11.925906	2324
2387.824868	-11.758298	2325
2388.885299	-11.692178	2326
2389.942894	-11.878412	2327
2391.003128	-11.748778	2328
2392.059943	-11.772104	2329
2393.116407	-11.867468	2330
2394.174419	-11.968088	2331
2395.231362	-11.554989	2332
2396.293206	-11.736736	2333
2397.344273	-11.654753	2334
2398.408970	-11.617821	2335
2399.464427	-11.493601	2336
2400.522287	-11.587492	2337
2401.580657	-11.678950	2338
2402.635289	-11.607380	2339
2403.696299	-11.706621	2340
2404.746163	-11.644205	2341
2405.814605	-11.530024	2342
2406.863419	-11.297955	2343
2407.929745	-11.326437	2344
2408.975470	-11.663985	2345
2410.049861	-11.507813	2346
2411.094768	-11.710431	2347
2412.159975	-11.402321	2348
2413.212510	-11.357633	2349
2414.274852	-11.192026	2350
2415.324908	-11.362165	2351
2416.385083	-11.347339	2352
2417.445358	-11.470841	2353
2418.500994	-11.597392	2354
2419.563755	-11.532214	2355
2420.616810	-11.197710	2356
2421.677237	-11.292035	2357
2422.730701	-11.011449	2358
2423.795729	-11.220114	2359
2424.843965	-11.140536	2360
2425.907973	-11.399036	2361
2426.957883	-11.143775	2362
2428.028571	-11.370152	2363
2429.074421	-10.925540	2364
2430.139381	-11.195594	2365
2431.189455	-10.790396	2366
2432.257111	-10.978698	2367
2433.305372	-11.040597	2368
2434.373915	-11.156109	2369
2435.420246	-11.121553	2370
2436.487506	-11.188427	2371
2437.533602	-10.976260	2372
2438.606263	-11.042700	2373
2439.648820	-10.861084	2374
2440.720839	-10.869845	2375
2441.769615	-10.822855	2376
2442.834838	-10.796695	2377
2443.883811	-11.027289	2378
2444.945976	-11.143671	2379
2445.999283	-10.866145	2380
2447.061967	-11.085317	2381
2448.117177	-10.678789	2382
2449.176188	-10.887628	2383
2450.237773	-10.618049	2384
2451.287544	-10.956145	2385
2452.353292	-10.643130	2386
2453.400351	-11.040416	2387
2454.471865	-10.774139	2388
2455.516009	-10.637820	2389
2456.587083	-10.697147	2390
2457.628081	-10.589414	2391
2458.700818	-10.621662	2392
2459.745523	-10.705601	2393
2460.814334	-10.770640	2394
2461.861685	-10.745734	2395
2462.927589	-10.912131	2396
2463.980615	-10.670404	2397
2465.042597	-10.708072	2398
2466.097003	-10.513619	2399
2467.155877	-10.467316	2400
2468.212155	-10.531514	2401
2469.273412	-10.506300	2402
2470.329768	-10.484089	2403
2471.388390	-10.504342	2404
2472.443629	-10.546054	2405
2473.504913	-10.537047	2406
2474.559393	-10.663979	2407
2475.620000	-10.345358	2408
2476.672645	-10.373107	2409
2477.738183	-10.276560	2410
2478.783039	-10.626504	2411
2479.853073	-10.258689	2412
2480.900092	-10.518192	2413
2481.970732	-10.747085	2414
2483.012550	-10.234086	2415
2484.083745	-10.217116	2416
2485.130095	-10.321451	2417
2486.200075	-9.889832	2418
2487.247305	-10.604626	2419
2488.311093	-10.309625	2420
2489.360350	-10.430295	2421
2490.427101	-10.150836	2422
2491.482721	-10.327460	2423
2492.541065	-10.177821	2424
2493.601116	-10.434267	2425
2494.651799	-10.234398	2426
2495.716177	-10.509826	2427
2496.770093	-10.102747	2428
2497.832126	-10.201807	2429
2498.881846	-10.039477	2430
2499.946970	-9.876897	2431
2500.998902	-10.276898	2432
2502.062830	-10.231638	2433
2503.112555	-9.969499	2434
2504.178657	-10.428322	2435
2505.229826	-9.946702	2436
2506.294523	-10.287643	2437
2507.342856	-9.838525	2438
2508.410659	-9.901241	2439
2509.458846	-9.942725	2440
2510.521023	-9.825240	2441
2511.575565	-9.862062	2442
2512.639116	-10.313131	2443
2513.692834	-9.909372	2444
2514.751493	-9.920045	2445
2515.809865	-10.008737	2446
2516.865023	-9.686739	2447
2517.926130	-9.853361	2448
2518.980109	-9.913750	2449
2520.042041	-9.708838	2450
2521.092885	-10.184461	2451
2522.160384	-9.716057	2452
2523.207284	-9.982007	2453
2524.279745	-10.003661	2454
2525.318388	-9.828578	2455
2526.391426	-9.655555	2456
2527.435914	-9.649693	2457
2528.506266	-9.466919	2458
2529.550694	-9.805787	2459
2530.620926	-9.525545	2460
2531.668512	-10.205884	2461
2532.735002	-9.702686	2462
2533.787402	-9.789149	2463
2534.847773	-9.733886	2464
2535.900260	-9.402841	2465
2536.963277	-9.381264	2466
2538.016853	-9.582539	2467
2539.079091	-9.428006	2468
2540.130758	-9.687215	2469
2541.194016	-9.737636	2470
2542.245061	-9.665298	2471
2543.309047	-9.900371	2472
2544.361882	-9.335871	2473
2545.427464	-9.740974	2474
2546.477595	-9.398883	2475
2547.543030	-9.321956	2476
2548.591634	-9.425014	2477
2549.659277	-9.487998	2478
2550.703716	-9.725432	2479
2551.777313	-9.695642	2480
2552.821408	-9.547030	2481
2553.889868	-9.387746	2482
2554.935407	-9.475098	2483
2556.008142	-9.388082	2484
2557.049200	-9.375668	2485
2558.120766	-9.441506	2486
2559.165757	-9.325381	2487
2560.232298	-9.376359	2488
2561.283609	-9.235875	2489
2562.346280	-9.209024	2490
2563.400278	-9.223803	2491
2564.460373	-9.140713	2492
2565.516883	-9.236485	2493
2566.573054	-9.067637	2494
2567.633817	-9.416614	2495
2568.690912	-9.353798	2496
2569.748968	-9.151000	2497
2570.803276	-9.226257	2498
2571.869521	-9.342144	2499
2572.918975	-9.003687	2500
2573.980042	-9.226943	2501
2575.034000	-8.785158	2502
2576.095939	-9.794106	2503
2577.147251	-8.954310	2504
2578.207726	-9.258616	2505
2579.264839	-9.235428	2506
2580.325080	-9.280581	2507
2581.384116	-8.919756	2508
2582.440317	-9.150968	2509
2583.500327	-8.765464	2510
2584.549092	-9.180521	2511
2585.615848	-9.013671	2512
2586.664660	-9.201561	2513
2587.731690	-9.234530	2514
2588.780883	-8.887139	2515
2589.851098	-8.966704	2516
2590.895869	-8.987294	2517
2591.964790	-8.623985	2518
2593.010539	-9.087608	2519
2594.080956	-9.076943	2520
2595.124195	-8.825078	2521
2596.197112	-9.015186	2522
2597.240479	-8.674454	2523
2598.309711	-8.659884	2524
2599.358776	-8.969001	2525
2600.422737	-8.989571	2526
2601.475383	-8.985786	2527
2602.540166	-8.963256	2528
2603.588246	-8.694417	2529
2604.654846	-8.695724	2530
2605.702580	-8.610052	2531
2606.765766	-8.666107	2532
2607.820105	-8.849651	2533
2608.881932	-8.853097	2534
2609.932894	-8.635194	2535
2611.000277	-8.852846	2536
2612.046330	-8.675955	2537
2613.115127	-8.609403	2538
2614.161553	-8.697730	2539
2615.231941	-8.664923	2540
2616.276479	-8.813481	2541
2617.348319	-8.806853	2542
2618.393113	-8.951813	2543
2619.464429	-8.863199	2544
2620.507424	-8.611816	2545
2621.579758	-8.610366	2546
2622.623735	-8.518291	2547
2623.692774	-8.570135	2548
2624.737327	-8.684312	2549
2625.807247	-8.661993	2550
2626.855540	-8.393928	2551
2627.922422	-8.640747	2552
2628.972799	-8.277676	2553
2630.035884	-8.537386	2554
2631.089148	-8.387896	2555
2632.150407	-8.355161	2556
2633.203994	-8.394327	2557
2634.262062	-8.417874	2558
2635.317598	-8.389575	2559
2636.378389	-8.638542	2560
2637.434503	-8.530120	2561
2638.492868	-8.416410	2562
2639.553192	-8.395257	2563
2640.607491	-8.098176	2564
2641.664548	-8.232404	2565
2642.722150	-8.291339	2566
2643.778380	-8.279650	2567
2644.840821	-8.580634	2568
2645.893936	-8.579575	2569
2646.955708	-8.344018	2570
2648.010126	-8.067978	2571
2649.072160	-8.582732	2572
2650.126760	-8.085121	2573
2651.190619	-7.931545	2574
2652.236321	-8.346209	2575
2653.302723	-8.212295	2576
2654.351881	-8.134191	2577
2655.418296	-8.204126	2578
2656.464188	-8.392241	2579
2657.538758	-8.465046	2580
2658.580352	-8.017876	2581
2659.653963	-8.179042	2582
2660.694150	-8.288626	2583
2661.764659	-7.647557	2584
2662.811016	-8.472516	2585
2663.882731	-8.229338	2586
2664.931385	-8.115941	2587
2665.998137	-8.087004	2588
2667.045097	-8.077784	2589
2668.115566	-7.760679	2590
2669.153678	-8.093646	2591
2670.219502	-7.840601	2592
2671.272491	-7.970756	2593
2672.340175	-8.163429	2594
2673.389388	-8.147035	2595
2674.455474	-8.096480	2596
2675.504369	-7.740909	2597
2676.573003	-7.827332	2598
2677.614428	-7.941100	2599
2678.686486	-7.853041	2600
2679.732469	-8.031587	2601
2680.803225	-8.031987	2602
2681.848758	-7.934501	2603
2682.921341	-7.916119	2604
2683.961873	-7.784249	2605
2685.035876	-7.523644	2606
2686.076604	-7.991197	2607
2687.149397	-7.866518	2608
2688.192644	-7.950673	2609
2689.262609	-8.021615	2610
2690.312030	-7.616625	2611
2691.377763	-7.634949	2612
2692.428603	-7.737543	2613
2693.489882	-7.665192	2614
2694.541230	-8.053764	2615
2695.607416	-8.029640	2616
2696.658405	-7.953421	2617
2697.717528	-7.885476	2618
2698.775179	-7.844529	2619
2699.834837	-7.465666	2620
2700.887533	-7.614892	2621
2701.949777	-7.439191	2622
2703.002409	-7.944064	2623
2704.067290	-7.706965	2624
2705.119218	-7.696609	2625
2706.182751	-7.828274	2626
2707.233678	-7.319366	2627
2708.295775	-7.605630	2628
2709.348822	-7.644894	2629
2710.412857	-7.374803	2630
2711.460413	-7.741013	2631
2712.529675	-7.701236	2632
2713.576177	-7.969939	2633
2714.643151	-7.902778	2634
2715.690009	-7.491825	2635
2716.759866	-7.751463	2636
2717.808260	-7.205731	2637
2718.876115	-6.920497	2638
2719.921105	-7.866154	2639
2720.992906	-7.505123	2640
2722.034598	-7.587879	2641
2723.106675	-7.653558	2642
2724.150089	-7.234851	2643
2725.222426	-7.325008	2644
2726.265643	-7.098889	2645
2727.333509	-7.207929	2646
2728.383096	-7.448312	2647
2729.444859	-7.330885	2648
2730.499212	-7.704611	2649
2731.563835	-7.680866	2650
2732.614876	-7.446012	2651
2733.679787	-7.571118	2652
2734.731544	-7.103347	2653
2735.795564	-7.198635	2654
2736.845367	-7.264511	2655
2737.907304	-7.241128	2656
2738.957388	-7.806426	2657
2740.024906	-7.325205	2658
2741.073806	-7.310051	2659
2742.141231	-7.337719	2660
2743.188616	-7.080023	2661
2744.256224	-7.140649	2662
2745.302275	-7.206142	2663
2746.371143	-6.818209	2664
2747.417128	-7.448219	2665
2748.483742	-7.078391	2666
2749.529270	-7.337618	2667
2750.600889	-7.438679	2668
2751.648146	-7.191333	2669
2752.714653	-7.364546	2670
2753.767835	-7.100182	2671
2754.829004	-6.934441	2672
2755.881798	-7.094658	2673
2756.942162	-6.986230	2674
2757.994758	-7.259995	2675
2759.059057	-7.403026	2676
2760.113711	-7.125966	2677
2761.171893	-7.243510	2678
2762.231398	-7.136245	2679
2763.290388	-6.841463	2680
2764.341229	-6.970756	2681
2765.403649	-6.816013	2682
2766.457847	-7.304272	2683
2767.516777	-6.839125	2684
2768.571887	-7.343546	2685
2769.635734	-7.352822	2686
2770.689283	-6.552905	2687
2771.751801	-7.021755	2688
2772.802096	-6.815388	2689
2773.869107	-7.010605	2690
2774.910612	-7.020873	2691
2775.980138	-7.319757	2692
2777.027469	-6.974832	2693
2778.095552	-7.391522	2694
2779.147022	-6.784722	2695
2780.215196	-6.856440	2696
2781.256834	-6.940276	2697
2782.328915	-6.696146	2698
2783.375102	-7.206157	2699
2784.441393	-6.742820	2700
2785.491837	-7.258391	2701
2786.558005	-7.124101	2702
2787.605264	-6.784099	2703
2788.673716	-6.822159	2704
2789.720732	-6.683845	2705
2790.787420	-6.583962	2706
2791.835607	-6.757689	2707
2792.901872	-6.619530	2708
2793.951632	-7.011600	2709
2795.018048	-6.871344	2710
2796.067826	-6.823107	2711
2797.130544	-6.880368	2712
2798.182223	-6.721027	2713
2799.245768	-6.828447	2714
2800.299450	-6.494117	2715
2801.359874	-6.590961	2716
2802.410235	-6.689711	2717
2803.479144	-6.732609	2718
2804.525738	-6.902882	2719
2805.594501	-6.944653	2720
2806.643085	-6.680656	2721
2807.712318	-6.691991	2722
2808.756208	-6.560552	2723
2809.826590	-6.382460	2724
2810.870719	-6.926714	2725
2811.937345	-6.703591	2726
2812.986012	-6.885422	2727
2814.052136	-6.826107	2728
2815.102408	-6.670968	2729
2816.168092	-6.896592	2730
2817.219550	-6.413149	2731
2818.283870	-6.467284	2732
2819.332381	-6.673678	2733
2820.396437	-6.396301	2734
2821.447734	-6.653582	2735
2822.511617	-6.809316	2736
2823.563659	-6.751885	2737
2824.629330	-6.667594	2738
2825.682795	-6.607423	2739
2826.741275	-6.523334	2740
2827.796604	-6.505580	2741
2828.856417	-6.379312	2742
2829.906661	-6.553244	2743
2830.972140	-6.576068	2744
2832.024460	-6.763755	2745
2833.087642	-6.590898	2746
2834.141231	-6.597577	2747
2835.204200	-6.327395	2748
2836.253262	-6.243164	2749
2837.317702	-6.200208	2750
2838.366943	-6.441116	2751
2839.436077	-6.417093	2752
2840.480431	-6.537092	2753
2841.546840	-6.470468	2754
2842.599581	-6.400929	2755
2843.665532	-6.507422	2756
2844.713607	-6.319649	2757
2845.783371	-6.343404	2758
2846.825851	-6.346029	2759
2847.896408	-6.337132	2760
2848.941239	-6.470565	2761
2850.010726	-6.490840	2762
2851.057599	-6.233217	2763
2852.127258	-6.330654	2764
2853.173581	-6.273027	2765
2854.243077	-6.102270	2766
2855.287140	-6.327464	2767
2856.353055	-6.351611	2768
2857.404120	-6.196814	2769
2858.468111	-6.344827	2770
2859.523112	-6.137603	2771
2860.586547	-6.155992	2772
2861.636886	-6.106883	2773
2862.703362	-6.238109	2774
2863.745729	-6.135660	2775
2864.816996	-6.159530	2776
2865.859397	-6.210412	2777
2866.931038	-6.424903	2778
2867.978119	-6.284997	2779
2869.045912	-6.323624	2780
2870.096728	-6.225358	2781
2871.162411	-6.250055	2782
2872.206780	-6.092923	2783
2873.279474	-6.306564	2784
2874.319645	-6.036743	2785
2875.390549	-6.233866	2786
2876.433601	-6.155580	2787
2877.504968	-6.174448	2788
2878.556700	-6.203923	2789
2879.622272	-6.236686	2790
2880.670300	-6.291192	2791
2881.736052	-5.964482	2792
2882.784860	-6.206867	2793
2883.849773	-5.796283	2794
2884.898917	-6.073143	2795
2885.963317	-6.103600	2796
2887.017153	-6.027328	2797
2888.076245	-6.228103	2798
2889.132064	-6.240857	2799
2890.195063	-5.902843	2800
2891.248775	-6.123393	2801
2892.311544	-5.934720	2802
2893.358363	-5.964588	2803
2894.427960	-5.779609	2804
2895.470289	-5.789167	2805
2896.539832	-5.818705	2806
2897.589162	-6.094281	2807
2898.650704	-6.001050	2808
2899.703808	-5.826199	2809
2900.769309	-5.652237	2810
2901.816475	-6.156677	2811
2902.889584	-5.905394	2812
2903.929426	-5.926918	2813
2905.003433	-5.833420	2814
2906.046931	-5.858214	2815
2907.113957	-6.095996	2816
2908.166585	-5.673185	2817
2909.231766	-5.824295	2818
2910.274432	-5.830413	2819
2911.349626	-5.799539	2820
2912.392998	-6.020483	2821
2913.460593	-6.165468	2822
2914.509605	-5.661237	2823
2915.575082	-5.771063	2824
2916.618584	-5.676296	2825
2917.688878	-5.580430	2826
2918.737510	-5.982467	2827
